name: taxon
channels:
  - conda-forge
  - bioconda
  - defaults
dependencies:
  - _libgcc_mutex=0.1=conda_forge
  - _openmp_mutex=4.5=1_gnu
  - argtable2=2.13=h14c3975_1001
  - blast=2.12.0=pl5262h3289130_0
  - bzip2=1.0.8=h7f98852_4
  - c-ares=1.18.1=h7f98852_0
  - ca-certificates=2021.10.8=ha878542_0
  - clustalo=1.2.4=h1b792b2_4
  - curl=7.80.0=h494985f_0
  - entrez-direct=16.2=he881be0_0
  - fasttree=2.1.10=h779adbc_5
  - iqtree=2.1.4_beta=hdcc8f71_0
  - krb5=1.19.2=h48eae69_3
  - ld_impl_linux-64=2.36.1=hea4e1c9_2
  - libblas=3.9.0=12_linux64_openblas
  - libcblas=3.9.0=12_linux64_openblas
  - libcurl=7.80.0=h494985f_0
  - libedit=3.1.20191231=he28a2e2_2
  - libev=4.33=h516909a_1
  - libffi=3.4.2=h7f98852_5
  - libgcc-ng=11.2.0=h1d223b6_11
  - libgfortran-ng=11.2.0=h69a702a_11
  - libgfortran5=11.2.0=h5c6108e_11
  - libgomp=11.2.0=h1d223b6_11
  - liblapack=3.9.0=12_linux64_openblas
  - libnghttp2=1.43.0=ha19adfc_1
  - libnsl=2.0.0=h7f98852_0
  - libopenblas=0.3.18=pthreads_h8fe5266_0
  - libssh2=1.10.0=ha35d2d1_2
  - libstdcxx-ng=11.2.0=he4da1e4_11
  - libuuid=2.32.1=h7f98852_1000
  - libzlib=1.2.11=h36c2ea0_1013
  - mafft=7.490=h779adbc_0
  - ncurses=6.2=h58526e2_4
  - openssl=3.0.0=h7f98852_2
  - pcre=8.45=h9c3ff4c_0
  - perl=5.26.2=h36c2ea0_1008
  - perl-archive-tar=2.32=pl526_0
  - perl-carp=1.38=pl526_3
  - perl-common-sense=3.74=pl526_2
  - perl-compress-raw-bzip2=2.087=pl526he1b5a44_0
  - perl-compress-raw-zlib=2.087=pl526hc9558a2_0
  - perl-exporter=5.72=pl526_1
  - perl-exporter-tiny=1.002001=pl526_0
  - perl-extutils-makemaker=7.36=pl526_1
  - perl-io-compress=2.087=pl526he1b5a44_0
  - perl-io-zlib=1.10=pl526_2
  - perl-json=4.02=pl526_0
  - perl-json-xs=2.34=pl526h6bb024c_3
  - perl-list-moreutils=0.428=pl526_1
  - perl-list-moreutils-xs=0.428=pl526_0
  - perl-pathtools=3.75=pl526h14c3975_1
  - perl-scalar-list-utils=1.52=pl526h516909a_0
  - perl-types-serialiser=1.0=pl526_2
  - perl-xsloader=0.24=pl526_0
  - pip=21.3.1=pyhd8ed1ab_0
  - python=3.10.0=h543edf9_2_cpython
  - python_abi=3.10=2_cp310
  - readline=8.1=h46c0cb4_0
  - seqfu=1.8.6=h38613fd_0
  - seqkit=2.1.0=h9ee0642_0
  - sqlite=3.36.0=h9cd32fc_2
  - tk=8.6.11=h27826a3_1
  - trimal=1.4.1=h7d875b9_5
  - tzdata=2021e=he74cb21_0
  - wheel=0.37.0=pyhd8ed1ab_1
  - xz=5.2.5=h516909a_1
  - zlib=1.2.11=h36c2ea0_1013
  - pip:
    - biopython==1.79
    - numpy==1.21.4
    - setuptools==59.1.1
prefix: /home/ubuntu/miniconda-fu/envs/taxon
